2.830831104439980095e+01 9.432285420169736767e+01
6.848879774096408823e+01 4.275849064242507325e+01
8.458283937860025503e+01 7.421263740042380164e+01
-6.958464807347593251e+01 -4.666515481275632737e+01
9.312637460186471117e+01 3.176163972229616661e+00
4.462994521794030334e+01 -9.381261510571890483e+01
-2.046776020361571113e+01 7.823352189905043019e+01
4.946561702051545240e+01 5.171613614382059154e+01
-5.106354387330596012e+01 -6.834641049442177518e+01
5.542681565255901432e+01 5.798639437266061236e+01
-7.844243545239211812e+01 6.172082284584499234e+01
2.720934443537792902e+01 9.223955029231620983e+01
