2.922209020562304005e+01 6.327711580424583104e+01 5.740000000000000213e+00
3.166621793101549542e+01 3.161983076616624544e+01 4.000000000000000000e+00
9.049305105044042818e+01 6.336347048815793670e+01 4.730000000000000426e+00
1.348858664156272802e+01 4.963070330839499888e+01 6.389999999999999680e+00
5.905135928612970986e+01 7.394453499525718598e+01 4.759999999999999787e+00
5.523593677855566852e+01 2.741566830312641656e+01 5.469999999999999751e+00
1.260001441492029173e+01 9.553856917424741368e+01 3.120000000000000107e+00
3.506166593702586454e+01 1.683521826444820491e+01 4.500000000000000000e+00
3.312799613909987784e+01 4.835336419870188962e+01 6.000000000000000000e+00
8.394091887048411138e+01 3.520916739490937886e+01 4.429999999999999716e+00
5.816138048108154379e+00 9.496065931279534311e+01 6.879999999999999893e+00
1.287699661721866207e+01 4.187029126807338741e+01 5.940000000000000391e+00
